<!DOCTYPE html>

<html xmlns="http://www.w3.org/1999/xhtml">

<head>

<meta charset="utf-8" />
<meta http-equiv="Content-Type" content="text/html; charset=utf-8" />
<meta name="generator" content="pandoc" />

<meta name="viewport" content="width=device-width, initial-scale=1">

<meta name="author" content="Geoffrey Thompson" />

<meta name="date" content="2019-06-18" />

<title>Some Distributions Related to the Wishart</title>



<style type="text/css">code{white-space: pre;}</style>
<style type="text/css">
div.sourceCode { overflow-x: auto; }
table.sourceCode, tr.sourceCode, td.lineNumbers, td.sourceCode {
  margin: 0; padding: 0; vertical-align: baseline; border: none; }
table.sourceCode { width: 100%; line-height: 100%; }
td.lineNumbers { text-align: right; padding-right: 4px; padding-left: 4px; color: #aaaaaa; border-right: 1px solid #aaaaaa; }
td.sourceCode { padding-left: 5px; }
code > span.kw { color: #007020; font-weight: bold; } /* Keyword */
code > span.dt { color: #902000; } /* DataType */
code > span.dv { color: #40a070; } /* DecVal */
code > span.bn { color: #40a070; } /* BaseN */
code > span.fl { color: #40a070; } /* Float */
code > span.ch { color: #4070a0; } /* Char */
code > span.st { color: #4070a0; } /* String */
code > span.co { color: #60a0b0; font-style: italic; } /* Comment */
code > span.ot { color: #007020; } /* Other */
code > span.al { color: #ff0000; font-weight: bold; } /* Alert */
code > span.fu { color: #06287e; } /* Function */
code > span.er { color: #ff0000; font-weight: bold; } /* Error */
code > span.wa { color: #60a0b0; font-weight: bold; font-style: italic; } /* Warning */
code > span.cn { color: #880000; } /* Constant */
code > span.sc { color: #4070a0; } /* SpecialChar */
code > span.vs { color: #4070a0; } /* VerbatimString */
code > span.ss { color: #bb6688; } /* SpecialString */
code > span.im { } /* Import */
code > span.va { color: #19177c; } /* Variable */
code > span.cf { color: #007020; font-weight: bold; } /* ControlFlow */
code > span.op { color: #666666; } /* Operator */
code > span.bu { } /* BuiltIn */
code > span.ex { } /* Extension */
code > span.pp { color: #bc7a00; } /* Preprocessor */
code > span.at { color: #7d9029; } /* Attribute */
code > span.do { color: #ba2121; font-style: italic; } /* Documentation */
code > span.an { color: #60a0b0; font-weight: bold; font-style: italic; } /* Annotation */
code > span.cv { color: #60a0b0; font-weight: bold; font-style: italic; } /* CommentVar */
code > span.in { color: #60a0b0; font-weight: bold; font-style: italic; } /* Information */
</style>



<link href="data:text/css;charset=utf-8,body%20%7B%0Abackground%2Dcolor%3A%20%23fff%3B%0Amargin%3A%201em%20auto%3B%0Amax%2Dwidth%3A%20700px%3B%0Aoverflow%3A%20visible%3B%0Apadding%2Dleft%3A%202em%3B%0Apadding%2Dright%3A%202em%3B%0Afont%2Dfamily%3A%20%22Open%20Sans%22%2C%20%22Helvetica%20Neue%22%2C%20Helvetica%2C%20Arial%2C%20sans%2Dserif%3B%0Afont%2Dsize%3A%2014px%3B%0Aline%2Dheight%3A%201%2E35%3B%0A%7D%0A%23header%20%7B%0Atext%2Dalign%3A%20center%3B%0A%7D%0A%23TOC%20%7B%0Aclear%3A%20both%3B%0Amargin%3A%200%200%2010px%2010px%3B%0Apadding%3A%204px%3B%0Awidth%3A%20400px%3B%0Aborder%3A%201px%20solid%20%23CCCCCC%3B%0Aborder%2Dradius%3A%205px%3B%0Abackground%2Dcolor%3A%20%23f6f6f6%3B%0Afont%2Dsize%3A%2013px%3B%0Aline%2Dheight%3A%201%2E3%3B%0A%7D%0A%23TOC%20%2Etoctitle%20%7B%0Afont%2Dweight%3A%20bold%3B%0Afont%2Dsize%3A%2015px%3B%0Amargin%2Dleft%3A%205px%3B%0A%7D%0A%23TOC%20ul%20%7B%0Apadding%2Dleft%3A%2040px%3B%0Amargin%2Dleft%3A%20%2D1%2E5em%3B%0Amargin%2Dtop%3A%205px%3B%0Amargin%2Dbottom%3A%205px%3B%0A%7D%0A%23TOC%20ul%20ul%20%7B%0Amargin%2Dleft%3A%20%2D2em%3B%0A%7D%0A%23TOC%20li%20%7B%0Aline%2Dheight%3A%2016px%3B%0A%7D%0Atable%20%7B%0Amargin%3A%201em%20auto%3B%0Aborder%2Dwidth%3A%201px%3B%0Aborder%2Dcolor%3A%20%23DDDDDD%3B%0Aborder%2Dstyle%3A%20outset%3B%0Aborder%2Dcollapse%3A%20collapse%3B%0A%7D%0Atable%20th%20%7B%0Aborder%2Dwidth%3A%202px%3B%0Apadding%3A%205px%3B%0Aborder%2Dstyle%3A%20inset%3B%0A%7D%0Atable%20td%20%7B%0Aborder%2Dwidth%3A%201px%3B%0Aborder%2Dstyle%3A%20inset%3B%0Aline%2Dheight%3A%2018px%3B%0Apadding%3A%205px%205px%3B%0A%7D%0Atable%2C%20table%20th%2C%20table%20td%20%7B%0Aborder%2Dleft%2Dstyle%3A%20none%3B%0Aborder%2Dright%2Dstyle%3A%20none%3B%0A%7D%0Atable%20thead%2C%20table%20tr%2Eeven%20%7B%0Abackground%2Dcolor%3A%20%23f7f7f7%3B%0A%7D%0Ap%20%7B%0Amargin%3A%200%2E5em%200%3B%0A%7D%0Ablockquote%20%7B%0Abackground%2Dcolor%3A%20%23f6f6f6%3B%0Apadding%3A%200%2E25em%200%2E75em%3B%0A%7D%0Ahr%20%7B%0Aborder%2Dstyle%3A%20solid%3B%0Aborder%3A%20none%3B%0Aborder%2Dtop%3A%201px%20solid%20%23777%3B%0Amargin%3A%2028px%200%3B%0A%7D%0Adl%20%7B%0Amargin%2Dleft%3A%200%3B%0A%7D%0Adl%20dd%20%7B%0Amargin%2Dbottom%3A%2013px%3B%0Amargin%2Dleft%3A%2013px%3B%0A%7D%0Adl%20dt%20%7B%0Afont%2Dweight%3A%20bold%3B%0A%7D%0Aul%20%7B%0Amargin%2Dtop%3A%200%3B%0A%7D%0Aul%20li%20%7B%0Alist%2Dstyle%3A%20circle%20outside%3B%0A%7D%0Aul%20ul%20%7B%0Amargin%2Dbottom%3A%200%3B%0A%7D%0Apre%2C%20code%20%7B%0Abackground%2Dcolor%3A%20%23f7f7f7%3B%0Aborder%2Dradius%3A%203px%3B%0Acolor%3A%20%23333%3B%0Awhite%2Dspace%3A%20pre%2Dwrap%3B%20%0A%7D%0Apre%20%7B%0Aborder%2Dradius%3A%203px%3B%0Amargin%3A%205px%200px%2010px%200px%3B%0Apadding%3A%2010px%3B%0A%7D%0Apre%3Anot%28%5Bclass%5D%29%20%7B%0Abackground%2Dcolor%3A%20%23f7f7f7%3B%0A%7D%0Acode%20%7B%0Afont%2Dfamily%3A%20Consolas%2C%20Monaco%2C%20%27Courier%20New%27%2C%20monospace%3B%0Afont%2Dsize%3A%2085%25%3B%0A%7D%0Ap%20%3E%20code%2C%20li%20%3E%20code%20%7B%0Apadding%3A%202px%200px%3B%0A%7D%0Adiv%2Efigure%20%7B%0Atext%2Dalign%3A%20center%3B%0A%7D%0Aimg%20%7B%0Abackground%2Dcolor%3A%20%23FFFFFF%3B%0Apadding%3A%202px%3B%0Aborder%3A%201px%20solid%20%23DDDDDD%3B%0Aborder%2Dradius%3A%203px%3B%0Aborder%3A%201px%20solid%20%23CCCCCC%3B%0Amargin%3A%200%205px%3B%0A%7D%0Ah1%20%7B%0Amargin%2Dtop%3A%200%3B%0Afont%2Dsize%3A%2035px%3B%0Aline%2Dheight%3A%2040px%3B%0A%7D%0Ah2%20%7B%0Aborder%2Dbottom%3A%204px%20solid%20%23f7f7f7%3B%0Apadding%2Dtop%3A%2010px%3B%0Apadding%2Dbottom%3A%202px%3B%0Afont%2Dsize%3A%20145%25%3B%0A%7D%0Ah3%20%7B%0Aborder%2Dbottom%3A%202px%20solid%20%23f7f7f7%3B%0Apadding%2Dtop%3A%2010px%3B%0Afont%2Dsize%3A%20120%25%3B%0A%7D%0Ah4%20%7B%0Aborder%2Dbottom%3A%201px%20solid%20%23f7f7f7%3B%0Amargin%2Dleft%3A%208px%3B%0Afont%2Dsize%3A%20105%25%3B%0A%7D%0Ah5%2C%20h6%20%7B%0Aborder%2Dbottom%3A%201px%20solid%20%23ccc%3B%0Afont%2Dsize%3A%20105%25%3B%0A%7D%0Aa%20%7B%0Acolor%3A%20%230033dd%3B%0Atext%2Ddecoration%3A%20none%3B%0A%7D%0Aa%3Ahover%20%7B%0Acolor%3A%20%236666ff%3B%20%7D%0Aa%3Avisited%20%7B%0Acolor%3A%20%23800080%3B%20%7D%0Aa%3Avisited%3Ahover%20%7B%0Acolor%3A%20%23BB00BB%3B%20%7D%0Aa%5Bhref%5E%3D%22http%3A%22%5D%20%7B%0Atext%2Ddecoration%3A%20underline%3B%20%7D%0Aa%5Bhref%5E%3D%22https%3A%22%5D%20%7B%0Atext%2Ddecoration%3A%20underline%3B%20%7D%0A%0Acode%20%3E%20span%2Ekw%20%7B%20color%3A%20%23555%3B%20font%2Dweight%3A%20bold%3B%20%7D%20%0Acode%20%3E%20span%2Edt%20%7B%20color%3A%20%23902000%3B%20%7D%20%0Acode%20%3E%20span%2Edv%20%7B%20color%3A%20%2340a070%3B%20%7D%20%0Acode%20%3E%20span%2Ebn%20%7B%20color%3A%20%23d14%3B%20%7D%20%0Acode%20%3E%20span%2Efl%20%7B%20color%3A%20%23d14%3B%20%7D%20%0Acode%20%3E%20span%2Ech%20%7B%20color%3A%20%23d14%3B%20%7D%20%0Acode%20%3E%20span%2Est%20%7B%20color%3A%20%23d14%3B%20%7D%20%0Acode%20%3E%20span%2Eco%20%7B%20color%3A%20%23888888%3B%20font%2Dstyle%3A%20italic%3B%20%7D%20%0Acode%20%3E%20span%2Eot%20%7B%20color%3A%20%23007020%3B%20%7D%20%0Acode%20%3E%20span%2Eal%20%7B%20color%3A%20%23ff0000%3B%20font%2Dweight%3A%20bold%3B%20%7D%20%0Acode%20%3E%20span%2Efu%20%7B%20color%3A%20%23900%3B%20font%2Dweight%3A%20bold%3B%20%7D%20%20code%20%3E%20span%2Eer%20%7B%20color%3A%20%23a61717%3B%20background%2Dcolor%3A%20%23e3d2d2%3B%20%7D%20%0A" rel="stylesheet" type="text/css" />

</head>

<body>




<h1 class="title toc-ignore">Some Distributions Related to the Wishart</h1>
<h4 class="author"><em>Geoffrey Thompson</em></h4>
<h4 class="date"><em>2019-06-18</em></h4>



<p>The <code>stats</code> implementation of <code>rWishart</code> is in <code>C</code> and is very fast. It is often the case that we do not want a sample from the Wishart distribution, but rather from the inverse of it or from the Cholesky decomposition of a sample from the Wishart distribution. Or even from the inverse of the Cholesky decomposition of a draw from the Wishart distribution. Funnily enough (if you have a weird sense of humor), when you inspect the <a href="https://github.com/SurajGupta/r-source/blob/master/src/library/stats/src/rWishart.c">source code</a> for the <code>rWishart</code> distribution (<span class="citation">R Core Team (2017)</span>), it generates the Cholesky decomposition and then multiplies it out. Meanwhile, drawing from the <code>rWishart</code> and then inverting or doing a Cholesky decomposition or whatever in R is just slow – comparatively.</p>
<p>This suggests some obvious efficiencies: perhaps, if we would rather have the Cholesky decomposition of the Wishart random matrix, we could tell the function to stop right there.</p>
<div class="sourceCode"><pre class="sourceCode r"><code class="sourceCode r"><span class="kw">library</span>(<span class="st">'CholWishart'</span>)
<span class="kw">set.seed</span>(<span class="dv">20180220</span>)
A &lt;-<span class="st"> </span>stats<span class="op">::</span><span class="kw">rWishart</span>(<span class="dv">1</span>,<span class="dv">10</span>,<span class="dv">5</span><span class="op">*</span><span class="kw">diag</span>(<span class="dv">4</span>))[,,<span class="dv">1</span>]
<span class="kw">set.seed</span>(<span class="dv">20180220</span>)
B &lt;-<span class="st"> </span><span class="kw">rInvWishart</span>(<span class="dv">1</span>,<span class="dv">10</span>,.<span class="dv">2</span><span class="op">*</span><span class="kw">diag</span>(<span class="dv">4</span>))[,,<span class="dv">1</span>]
<span class="kw">set.seed</span>(<span class="dv">20180220</span>)
C &lt;-<span class="st"> </span><span class="kw">rCholWishart</span>(<span class="dv">1</span>,<span class="dv">10</span>,<span class="dv">5</span><span class="op">*</span><span class="kw">diag</span>(<span class="dv">4</span>))[,,<span class="dv">1</span>]
<span class="kw">set.seed</span>(<span class="dv">20180220</span>)
D &lt;-<span class="st"> </span><span class="kw">rInvCholWishart</span>(<span class="dv">1</span>,<span class="dv">10</span>,.<span class="dv">2</span><span class="op">*</span><span class="kw">diag</span>(<span class="dv">4</span>))[,,<span class="dv">1</span>]</code></pre></div>
<div id="how-the-wishart-distribution-works" class="section level2">
<h2>How the Wishart distribution works</h2>
<p>Suppose <span class="math inline">\(X_i \sim MVN(0, \Sigma)\)</span> are independent <span class="math inline">\(p\)</span>-variate normal random variables, <span class="math inline">\(i = 1, 2, \ldots n\)</span> with <span class="math inline">\(n &gt; p-1\)</span>. Then <span class="math inline">\(S = \sum X_i^T X_i\)</span>, called the “scatter matrix”, is almost surely positive definite if <span class="math inline">\(\Sigma\)</span> is positive definite. The random variable <span class="math inline">\(S\)</span> is said to be distributed as a Wishart random variable: <span class="math inline">\(S \sim W_p(n, \Sigma)\)</span>, see <span class="citation">Gupta and Nagar (1999)</span>. This can be extended to the non-integer case as well.</p>
<p>How does <code>rWishart(n, df, Sigma)</code> work (supposing <code>Sigma</code> is a <span class="math inline">\(p \times p\)</span> matrix)? First, it generates a sample from the Cholesky decomposition of a Wishart distribution with <span class="math inline">\(\Sigma = \mathbf{I}_p\)</span>. How this is done: on the <span class="math inline">\(i^{th}\)</span> element of the main diagonal, draw from <span class="math inline">\(\sqrt{\chi_{p-i+1}^2}\)</span>. On the upper triangle of the matrix, sample from an independent <span class="math inline">\(N(0,1)\)</span> for each entry in the matrix. Then, this can be multiplied by the Cholesky decomposition of the provided <code>Sigma</code> to obtain the Cholesky factor of the desired sample from the Wishart random variable (this construction is due to Bartlett and is also known as the Bartlett Decomposition) (see <span class="citation">Anderson (1984)</span>). The <code>rWishart</code> function multiplies this out. Therefore, if the Cholesky decomposition is desired, one only needs to stop there.</p>
</div>
<div id="the-inverse-wishart-distribution" class="section level2">
<h2>The Inverse Wishart distribution</h2>
<p>If <span class="math inline">\(X \sim \textrm{W}_p(\nu,\Sigma)\)</span>, then we define the Inverse Wishart as <span class="math inline">\(X^{-1} = Y \sim \textrm{IW}_p(\nu , \Sigma^{-1})\)</span>. There are other parameterizations of the distribution, mostly coming down to different ways of writing the <span class="math inline">\(\nu\)</span> parameter - be aware of this when using any package drawing from the Inverse Wishart distribution (see <span class="citation">Dawid (1981)</span> for an alternative; this presentation follows <span class="citation">Gupta and Nagar (1999)</span>). This comes up directly in Bayesian statistics. We are also interested in the Cholesky decomposition of this, as it is required in the generation of the matrix variate <span class="math inline">\(t\)</span>-distribution. In this package it is done by taking the covariance matrix, inverting it, computing the Cholesky decomposition of the inverted covariance matrix, drawing the Cholesky factor of a Wishart matrix using that, and then inverting based on that (as finding <span class="math inline">\(\Psi^{-1}\)</span> given the Cholesky factorization of <span class="math inline">\(\Psi\)</span> is relatively fast). This can then be converted into the Cholesky factor of the Inverse Wishart if that is what is desired. This would be slow to do in R, but in C it is not so bad.</p>
<p>Here is what happens with the results of the above:</p>
<div class="sourceCode"><pre class="sourceCode r"><code class="sourceCode r">A <span class="op">%*%</span><span class="st"> </span>B 
##               [,1]          [,2]          [,3]          [,4]
## [1,]  1.000000e+00 -2.775558e-17 -1.387779e-16 -5.551115e-17
## [2,] -4.718448e-16  1.000000e+00  1.387779e-17  0.000000e+00
## [3,] -1.249001e-16  1.387779e-17  1.000000e+00 -5.551115e-17
## [4,]  1.110223e-16 -1.110223e-16  0.000000e+00  1.000000e+00
<span class="kw">crossprod</span>(C) <span class="op">%*%</span><span class="st"> </span><span class="kw">crossprod</span>(D) <span class="co"># note: we do not expect C = D^-1, we expect this! </span>
##               [,1]          [,2]          [,3]          [,4]
## [1,]  1.000000e+00 -2.775558e-17 -2.081668e-16 -1.110223e-16
## [2,] -4.718448e-16  1.000000e+00  1.387779e-16  0.000000e+00
## [3,] -1.249001e-16  1.110223e-16  1.000000e+00 -1.110223e-16
## [4,]  1.110223e-16 -8.326673e-17 -8.326673e-17  1.000000e+00
<span class="kw">crossprod</span>(D) <span class="op">%*%</span><span class="st"> </span>A
##               [,1]          [,2]          [,3]          [,4]
## [1,]  1.000000e+00 -4.718448e-16 -1.249001e-16  1.110223e-16
## [2,] -2.775558e-17  1.000000e+00  1.110223e-16 -8.326673e-17
## [3,] -2.081668e-16  1.387779e-16  1.000000e+00 -8.326673e-17
## [4,] -1.110223e-16  0.000000e+00 -1.110223e-16  1.000000e+00
<span class="kw">crossprod</span>(C) <span class="op">%*%</span><span class="st"> </span>B
##               [,1]          [,2]          [,3]          [,4]
## [1,]  1.000000e+00 -2.775558e-17 -1.387779e-16 -5.551115e-17
## [2,] -4.718448e-16  1.000000e+00  1.387779e-17  0.000000e+00
## [3,] -1.249001e-16  1.387779e-17  1.000000e+00 -5.551115e-17
## [4,]  1.110223e-16 -1.110223e-16  0.000000e+00  1.000000e+00</code></pre></div>
<p>There is some roundoff error.</p>
</div>
<div id="the-pseudo-wishart-and-generalized-inverse-wishart" class="section level2">
<h2>The Pseudo-Wishart and Generalized Inverse Wishart</h2>
<p>Suppose, instead of the above definition of the Wishart, we have <span class="math inline">\(n \leq p-1\)</span>. Then the scatter matrix defined above will not be positive definite. This is called the pseudo Wishart distribution. If we then take the Moore-Penrose pseudo-inverse of this, we have the generalized inverse Wishart distribution.</p>
<div class="sourceCode"><pre class="sourceCode r"><code class="sourceCode r">A &lt;-<span class="st"> </span><span class="kw">rPseudoWishart</span>(<span class="dt">n =</span> <span class="dv">1</span>, <span class="dt">df =</span> <span class="dv">3</span>, <span class="dt">Sigma =</span> <span class="kw">diag</span>(<span class="dv">5</span>))[, , <span class="dv">1</span>]
A
##            [,1]       [,2]       [,3]       [,4]       [,5]
## [1,]  1.9553698  0.3134085 -0.8487259 -0.5174803  0.7487007
## [2,]  0.3134085  2.3856728 -0.6106572  1.4471373  1.5976931
## [3,] -0.8487259 -0.6106572  0.5838199 -0.7509533 -0.7863404
## [4,] -0.5174803  1.4471373 -0.7509533  4.8520003  1.6696925
## [5,]  0.7487007  1.5976931 -0.7863404  1.6696925  1.4396817
<span class="kw">qr</span>(A)<span class="op">$</span>rank
## [1] 3
B &lt;-<span class="st"> </span><span class="kw">rGenInvWishart</span>(<span class="dt">n =</span> <span class="dv">1</span>, <span class="dt">df =</span> <span class="dv">3</span>, <span class="dt">Sigma =</span> <span class="kw">diag</span>(<span class="dv">5</span>))[, , <span class="dv">1</span>]
B
##             [,1]         [,2]        [,3]         [,4]        [,5]
## [1,]  0.33422500  0.189387794  0.07086651 -0.052283855 -0.04241885
## [2,]  0.18938779  0.155647000 -0.02450637  0.001357582 -0.07549583
## [3,]  0.07086651 -0.024506366  0.10489215 -0.052325490  0.03515182
## [4,] -0.05228386  0.001357582 -0.05232549  0.028056042 -0.02793470
## [5,] -0.04241885 -0.075495830  0.03515182 -0.027934699  0.24217199
<span class="kw">qr</span>(B)<span class="op">$</span>rank
## [1] 3</code></pre></div>
<p>Note that the rank of both of these matrices is less than the dimension.</p>
</div>
<div id="density-computation" class="section level2">
<h2>Density computation</h2>
<p>This package also has functions for density computations with the Wishart distribution. Densities are only defined for positive-definite input matrices and <span class="math inline">\(\nu\)</span> parameters larger than the dimension <span class="math inline">\(p\)</span>.</p>
<p>The return value is on the <code>log</code> scale but it can be specified otherwise.</p>
<div class="sourceCode"><pre class="sourceCode r"><code class="sourceCode r"><span class="kw">dWishart</span>(<span class="kw">diag</span>(<span class="dv">3</span>), <span class="dt">df =</span> <span class="dv">5</span>, <span class="dv">5</span><span class="op">*</span><span class="kw">diag</span>(<span class="dv">3</span>))
## [1] -19.45038

<span class="kw">dInvWishart</span>(<span class="kw">diag</span>(<span class="dv">3</span>), <span class="dt">df =</span> <span class="dv">5</span>, .<span class="dv">2</span><span class="op">*</span><span class="kw">diag</span>(<span class="dv">3</span>))
## [1] -19.45038</code></pre></div>
<p>Note that, in general, these will not agree even if their covariance matrix parameters are inverses of each other. One of the reasons this works is that the determinant of <span class="math inline">\(\mathbf{X}\)</span> is <span class="math inline">\(1\)</span>.</p>
<p>The density functions can take 3-D array input indexed on the third dimension and will output a vector of densities.</p>
<div class="sourceCode"><pre class="sourceCode r"><code class="sourceCode r"><span class="kw">set.seed</span>(<span class="dv">20180311</span>)
A &lt;-<span class="st"> </span><span class="kw">rWishart</span>(<span class="dt">n =</span> <span class="dv">3</span>, <span class="dt">df =</span> <span class="dv">3</span>, <span class="dt">Sigma =</span> <span class="kw">diag</span>(<span class="dv">3</span>))
<span class="kw">dWishart</span>(A, <span class="dt">df =</span> <span class="dv">3</span>, <span class="dt">Sigma =</span> <span class="kw">diag</span>(<span class="dv">3</span>))
## [1] -13.070275  -8.879220  -8.555529</code></pre></div>
</div>
<div id="other-functions" class="section level2">
<h2>Other functions</h2>
<p>The multivariate gamma (<span class="math inline">\(\Gamma_p\)</span>) and digamma (<span class="math inline">\(\psi_p\)</span>) functions are extensions of the univariate gamma (<span class="math inline">\(\Gamma\)</span>) and digamma (<span class="math inline">\(\psi\)</span>) functions (<span class="citation">Mardia, Bibby, and Kent (1982)</span>). They are useful in calculating the densities above. They come up in other distributions as well. The digamma is the first derivative of the gamma function. When the dimension <span class="math inline">\(p = 1\)</span>, they coincide with the usual definitions of the digamma and gamma functions.</p>
<p>The multivariate gamma also comes in a logarithmic form (<code>lmvgamma</code>).</p>
<div class="sourceCode"><pre class="sourceCode r"><code class="sourceCode r"><span class="kw">lmvgamma</span>(<span class="dv">1</span><span class="op">:</span><span class="dv">4</span>,<span class="dv">1</span>) <span class="co"># note how they agree when p = 1</span>
## [1] 0.0000000 0.0000000 0.6931472 1.7917595
<span class="kw">lgamma</span>(<span class="dv">1</span><span class="op">:</span><span class="dv">4</span>)
## [1] 0.0000000 0.0000000 0.6931472 1.7917595</code></pre></div>
</div>
<div id="references" class="section level1 unnumbered">
<h1>References</h1>
<div id="refs" class="references">
<div id="ref-Anderson84a">
<p>Anderson, T. W., ed. 1984. <em>An Introduction to Multivariate Statistical Analysis</em>. Wiley.</p>
</div>
<div id="ref-dawid">
<p>Dawid, A. P. 1981. “Some Matrix-Variate Distribution Theory: Notational Considerations and a Bayesian Application.” <em>Biometrika</em> 68 (1). [Oxford University Press, Biometrika Trust]: 265–74. <a href="http://www.jstor.org/stable/2335827" class="uri">http://www.jstor.org/stable/2335827</a>.</p>
</div>
<div id="ref-gupta1999matrix">
<p>Gupta, A.K., and D.K. Nagar. 1999. <em>Matrix Variate Distributions</em>. Monographs and Surveys in Pure and Applied Mathematics. Taylor &amp; Francis. <a href="https://books.google.com/books?id=PQOYnT7P1loC" class="uri">https://books.google.com/books?id=PQOYnT7P1loC</a>.</p>
</div>
<div id="ref-mardia1982multivariate">
<p>Mardia, K.V., J.M. Bibby, and J.T. Kent. 1982. <em>Multivariate Analysis</em>. Probability and Mathematical Statistics. Acad. Press. <a href="https://books.google.com/books?id=1nLonQEACAAJ" class="uri">https://books.google.com/books?id=1nLonQEACAAJ</a>.</p>
</div>
<div id="ref-rstatsteam">
<p>R Core Team. 2017. <em>R: A Language and Environment for Statistical Computing</em>. Vienna, Austria: R Foundation for Statistical Computing. <a href="https://www.R-project.org/" class="uri">https://www.R-project.org/</a>.</p>
</div>
</div>
</div>



<!-- dynamically load mathjax for compatibility with self-contained -->
<script>
  (function () {
    var script = document.createElement("script");
    script.type = "text/javascript";
    script.src  = "https://mathjax.rstudio.com/latest/MathJax.js?config=TeX-AMS-MML_HTMLorMML";
    document.getElementsByTagName("head")[0].appendChild(script);
  })();
</script>

</body>
</html>
