<!DOCTYPE html>

<html xmlns="http://www.w3.org/1999/xhtml">

<head>

<meta charset="utf-8" />
<meta http-equiv="Content-Type" content="text/html; charset=utf-8" />
<meta name="generator" content="pandoc" />

<meta name="viewport" content="width=device-width, initial-scale=1">

<meta name="author" content="Geoffrey Thompson" />

<meta name="date" content="2018-02-24" />

<title>Some Distributions Related to the Wishart</title>



<style type="text/css">code{white-space: pre;}</style>
<style type="text/css">
div.sourceCode { overflow-x: auto; }
table.sourceCode, tr.sourceCode, td.lineNumbers, td.sourceCode {
  margin: 0; padding: 0; vertical-align: baseline; border: none; }
table.sourceCode { width: 100%; line-height: 100%; }
td.lineNumbers { text-align: right; padding-right: 4px; padding-left: 4px; color: #aaaaaa; border-right: 1px solid #aaaaaa; }
td.sourceCode { padding-left: 5px; }
code > span.kw { color: #007020; font-weight: bold; } /* Keyword */
code > span.dt { color: #902000; } /* DataType */
code > span.dv { color: #40a070; } /* DecVal */
code > span.bn { color: #40a070; } /* BaseN */
code > span.fl { color: #40a070; } /* Float */
code > span.ch { color: #4070a0; } /* Char */
code > span.st { color: #4070a0; } /* String */
code > span.co { color: #60a0b0; font-style: italic; } /* Comment */
code > span.ot { color: #007020; } /* Other */
code > span.al { color: #ff0000; font-weight: bold; } /* Alert */
code > span.fu { color: #06287e; } /* Function */
code > span.er { color: #ff0000; font-weight: bold; } /* Error */
code > span.wa { color: #60a0b0; font-weight: bold; font-style: italic; } /* Warning */
code > span.cn { color: #880000; } /* Constant */
code > span.sc { color: #4070a0; } /* SpecialChar */
code > span.vs { color: #4070a0; } /* VerbatimString */
code > span.ss { color: #bb6688; } /* SpecialString */
code > span.im { } /* Import */
code > span.va { color: #19177c; } /* Variable */
code > span.cf { color: #007020; font-weight: bold; } /* ControlFlow */
code > span.op { color: #666666; } /* Operator */
code > span.bu { } /* BuiltIn */
code > span.ex { } /* Extension */
code > span.pp { color: #bc7a00; } /* Preprocessor */
code > span.at { color: #7d9029; } /* Attribute */
code > span.do { color: #ba2121; font-style: italic; } /* Documentation */
code > span.an { color: #60a0b0; font-weight: bold; font-style: italic; } /* Annotation */
code > span.cv { color: #60a0b0; font-weight: bold; font-style: italic; } /* CommentVar */
code > span.in { color: #60a0b0; font-weight: bold; font-style: italic; } /* Information */
</style>



<link href="data:text/css;charset=utf-8,body%20%7B%0Abackground%2Dcolor%3A%20%23fff%3B%0Amargin%3A%201em%20auto%3B%0Amax%2Dwidth%3A%20700px%3B%0Aoverflow%3A%20visible%3B%0Apadding%2Dleft%3A%202em%3B%0Apadding%2Dright%3A%202em%3B%0Afont%2Dfamily%3A%20%22Open%20Sans%22%2C%20%22Helvetica%20Neue%22%2C%20Helvetica%2C%20Arial%2C%20sans%2Dserif%3B%0Afont%2Dsize%3A%2014px%3B%0Aline%2Dheight%3A%201%2E35%3B%0A%7D%0A%23header%20%7B%0Atext%2Dalign%3A%20center%3B%0A%7D%0A%23TOC%20%7B%0Aclear%3A%20both%3B%0Amargin%3A%200%200%2010px%2010px%3B%0Apadding%3A%204px%3B%0Awidth%3A%20400px%3B%0Aborder%3A%201px%20solid%20%23CCCCCC%3B%0Aborder%2Dradius%3A%205px%3B%0Abackground%2Dcolor%3A%20%23f6f6f6%3B%0Afont%2Dsize%3A%2013px%3B%0Aline%2Dheight%3A%201%2E3%3B%0A%7D%0A%23TOC%20%2Etoctitle%20%7B%0Afont%2Dweight%3A%20bold%3B%0Afont%2Dsize%3A%2015px%3B%0Amargin%2Dleft%3A%205px%3B%0A%7D%0A%23TOC%20ul%20%7B%0Apadding%2Dleft%3A%2040px%3B%0Amargin%2Dleft%3A%20%2D1%2E5em%3B%0Amargin%2Dtop%3A%205px%3B%0Amargin%2Dbottom%3A%205px%3B%0A%7D%0A%23TOC%20ul%20ul%20%7B%0Amargin%2Dleft%3A%20%2D2em%3B%0A%7D%0A%23TOC%20li%20%7B%0Aline%2Dheight%3A%2016px%3B%0A%7D%0Atable%20%7B%0Amargin%3A%201em%20auto%3B%0Aborder%2Dwidth%3A%201px%3B%0Aborder%2Dcolor%3A%20%23DDDDDD%3B%0Aborder%2Dstyle%3A%20outset%3B%0Aborder%2Dcollapse%3A%20collapse%3B%0A%7D%0Atable%20th%20%7B%0Aborder%2Dwidth%3A%202px%3B%0Apadding%3A%205px%3B%0Aborder%2Dstyle%3A%20inset%3B%0A%7D%0Atable%20td%20%7B%0Aborder%2Dwidth%3A%201px%3B%0Aborder%2Dstyle%3A%20inset%3B%0Aline%2Dheight%3A%2018px%3B%0Apadding%3A%205px%205px%3B%0A%7D%0Atable%2C%20table%20th%2C%20table%20td%20%7B%0Aborder%2Dleft%2Dstyle%3A%20none%3B%0Aborder%2Dright%2Dstyle%3A%20none%3B%0A%7D%0Atable%20thead%2C%20table%20tr%2Eeven%20%7B%0Abackground%2Dcolor%3A%20%23f7f7f7%3B%0A%7D%0Ap%20%7B%0Amargin%3A%200%2E5em%200%3B%0A%7D%0Ablockquote%20%7B%0Abackground%2Dcolor%3A%20%23f6f6f6%3B%0Apadding%3A%200%2E25em%200%2E75em%3B%0A%7D%0Ahr%20%7B%0Aborder%2Dstyle%3A%20solid%3B%0Aborder%3A%20none%3B%0Aborder%2Dtop%3A%201px%20solid%20%23777%3B%0Amargin%3A%2028px%200%3B%0A%7D%0Adl%20%7B%0Amargin%2Dleft%3A%200%3B%0A%7D%0Adl%20dd%20%7B%0Amargin%2Dbottom%3A%2013px%3B%0Amargin%2Dleft%3A%2013px%3B%0A%7D%0Adl%20dt%20%7B%0Afont%2Dweight%3A%20bold%3B%0A%7D%0Aul%20%7B%0Amargin%2Dtop%3A%200%3B%0A%7D%0Aul%20li%20%7B%0Alist%2Dstyle%3A%20circle%20outside%3B%0A%7D%0Aul%20ul%20%7B%0Amargin%2Dbottom%3A%200%3B%0A%7D%0Apre%2C%20code%20%7B%0Abackground%2Dcolor%3A%20%23f7f7f7%3B%0Aborder%2Dradius%3A%203px%3B%0Acolor%3A%20%23333%3B%0Awhite%2Dspace%3A%20pre%2Dwrap%3B%20%0A%7D%0Apre%20%7B%0Aborder%2Dradius%3A%203px%3B%0Amargin%3A%205px%200px%2010px%200px%3B%0Apadding%3A%2010px%3B%0A%7D%0Apre%3Anot%28%5Bclass%5D%29%20%7B%0Abackground%2Dcolor%3A%20%23f7f7f7%3B%0A%7D%0Acode%20%7B%0Afont%2Dfamily%3A%20Consolas%2C%20Monaco%2C%20%27Courier%20New%27%2C%20monospace%3B%0Afont%2Dsize%3A%2085%25%3B%0A%7D%0Ap%20%3E%20code%2C%20li%20%3E%20code%20%7B%0Apadding%3A%202px%200px%3B%0A%7D%0Adiv%2Efigure%20%7B%0Atext%2Dalign%3A%20center%3B%0A%7D%0Aimg%20%7B%0Abackground%2Dcolor%3A%20%23FFFFFF%3B%0Apadding%3A%202px%3B%0Aborder%3A%201px%20solid%20%23DDDDDD%3B%0Aborder%2Dradius%3A%203px%3B%0Aborder%3A%201px%20solid%20%23CCCCCC%3B%0Amargin%3A%200%205px%3B%0A%7D%0Ah1%20%7B%0Amargin%2Dtop%3A%200%3B%0Afont%2Dsize%3A%2035px%3B%0Aline%2Dheight%3A%2040px%3B%0A%7D%0Ah2%20%7B%0Aborder%2Dbottom%3A%204px%20solid%20%23f7f7f7%3B%0Apadding%2Dtop%3A%2010px%3B%0Apadding%2Dbottom%3A%202px%3B%0Afont%2Dsize%3A%20145%25%3B%0A%7D%0Ah3%20%7B%0Aborder%2Dbottom%3A%202px%20solid%20%23f7f7f7%3B%0Apadding%2Dtop%3A%2010px%3B%0Afont%2Dsize%3A%20120%25%3B%0A%7D%0Ah4%20%7B%0Aborder%2Dbottom%3A%201px%20solid%20%23f7f7f7%3B%0Amargin%2Dleft%3A%208px%3B%0Afont%2Dsize%3A%20105%25%3B%0A%7D%0Ah5%2C%20h6%20%7B%0Aborder%2Dbottom%3A%201px%20solid%20%23ccc%3B%0Afont%2Dsize%3A%20105%25%3B%0A%7D%0Aa%20%7B%0Acolor%3A%20%230033dd%3B%0Atext%2Ddecoration%3A%20none%3B%0A%7D%0Aa%3Ahover%20%7B%0Acolor%3A%20%236666ff%3B%20%7D%0Aa%3Avisited%20%7B%0Acolor%3A%20%23800080%3B%20%7D%0Aa%3Avisited%3Ahover%20%7B%0Acolor%3A%20%23BB00BB%3B%20%7D%0Aa%5Bhref%5E%3D%22http%3A%22%5D%20%7B%0Atext%2Ddecoration%3A%20underline%3B%20%7D%0Aa%5Bhref%5E%3D%22https%3A%22%5D%20%7B%0Atext%2Ddecoration%3A%20underline%3B%20%7D%0A%0Acode%20%3E%20span%2Ekw%20%7B%20color%3A%20%23555%3B%20font%2Dweight%3A%20bold%3B%20%7D%20%0Acode%20%3E%20span%2Edt%20%7B%20color%3A%20%23902000%3B%20%7D%20%0Acode%20%3E%20span%2Edv%20%7B%20color%3A%20%2340a070%3B%20%7D%20%0Acode%20%3E%20span%2Ebn%20%7B%20color%3A%20%23d14%3B%20%7D%20%0Acode%20%3E%20span%2Efl%20%7B%20color%3A%20%23d14%3B%20%7D%20%0Acode%20%3E%20span%2Ech%20%7B%20color%3A%20%23d14%3B%20%7D%20%0Acode%20%3E%20span%2Est%20%7B%20color%3A%20%23d14%3B%20%7D%20%0Acode%20%3E%20span%2Eco%20%7B%20color%3A%20%23888888%3B%20font%2Dstyle%3A%20italic%3B%20%7D%20%0Acode%20%3E%20span%2Eot%20%7B%20color%3A%20%23007020%3B%20%7D%20%0Acode%20%3E%20span%2Eal%20%7B%20color%3A%20%23ff0000%3B%20font%2Dweight%3A%20bold%3B%20%7D%20%0Acode%20%3E%20span%2Efu%20%7B%20color%3A%20%23900%3B%20font%2Dweight%3A%20bold%3B%20%7D%20%20code%20%3E%20span%2Eer%20%7B%20color%3A%20%23a61717%3B%20background%2Dcolor%3A%20%23e3d2d2%3B%20%7D%20%0A" rel="stylesheet" type="text/css" />

</head>

<body>




<h1 class="title toc-ignore">Some Distributions Related to the Wishart</h1>
<h4 class="author"><em>Geoffrey Thompson</em></h4>
<h4 class="date"><em>2018-02-24</em></h4>



<p>The <code>stats</code> implementation of <code>rWishart</code> is in C and is very fast. It is often the case that we do not want a sample from the Wishart distribution, but rather from the inverse of it or from the Cholesky decomposition of a sample from the Wishart distribution. Or even from the inverse of the Cholesky decomposition of a draw from the Wishart distribution. Funnily enough (if you have a weird sense of humor), when you inspect the <a href="https://github.com/SurajGupta/r-source/blob/master/src/library/stats/src/rWishart.c">source code</a> for the <code>rWishart</code> distribution, it generates the Cholesky decomposition and then multiplies it out. Meanwhile, drawing from the <code>rWishart</code> and then inverting or doing a Cholesky decomposition or whatever in R is just slow – comparatively.</p>
<p>This suggests some obvious efficiencies: perhaps, if we would rather have the Cholesky decomposition of the Wishart random matrix, we could tell the function to stop right there.</p>
<div class="sourceCode"><pre class="sourceCode r"><code class="sourceCode r"><span class="kw">library</span>(<span class="st">'CholWishart'</span>)
<span class="kw">set.seed</span>(<span class="dv">20180220</span>)
A &lt;-<span class="st"> </span>stats<span class="op">::</span><span class="kw">rWishart</span>(<span class="dv">1</span>,<span class="dv">10</span>,<span class="dv">5</span><span class="op">*</span><span class="kw">diag</span>(<span class="dv">4</span>))[,,<span class="dv">1</span>]
<span class="kw">set.seed</span>(<span class="dv">20180220</span>)
B &lt;-<span class="st"> </span><span class="kw">rInvWishart</span>(<span class="dv">1</span>,<span class="dv">10</span>,.<span class="dv">2</span><span class="op">*</span><span class="kw">diag</span>(<span class="dv">4</span>))[,,<span class="dv">1</span>]
<span class="kw">set.seed</span>(<span class="dv">20180220</span>)
C &lt;-<span class="st"> </span><span class="kw">rCholWishart</span>(<span class="dv">1</span>,<span class="dv">10</span>,<span class="dv">5</span><span class="op">*</span><span class="kw">diag</span>(<span class="dv">4</span>))[,,<span class="dv">1</span>]
<span class="kw">set.seed</span>(<span class="dv">20180220</span>)
D &lt;-<span class="st"> </span><span class="kw">rInvCholWishart</span>(<span class="dv">1</span>,<span class="dv">10</span>,.<span class="dv">2</span><span class="op">*</span><span class="kw">diag</span>(<span class="dv">4</span>))[,,<span class="dv">1</span>]</code></pre></div>
<div id="how-the-wishart-distribution-works" class="section level2">
<h2>How the Wishart distribution works</h2>
<p>How does <code>rWishart(n, df, Sigma)</code> work (supposing <code>Sigma</code> is a <span class="math inline">\(p \times p\)</span> matrix)? First, it generates a sample from the Cholesky decomposition of a Wishart distribution with <span class="math inline">\(\Sigma = \mathbf{I}_p\)</span>. How this is done: on the <span class="math inline">\(i^{th}\)</span> element of the main diagonal, draw from <span class="math inline">\(\sqrt{\chi_{p-i+1}^2}\)</span>. On the upper triangle of the matrix, draw from <span class="math inline">\(N(0,1)\)</span> in each square. Then, this can be multiplied by the Cholesky decomposition of the provided <code>Sigma</code> to obtain the Cholesky factor of the desired sample from the Wishart random variable. The <code>rWishart</code> function multiplies it out. Therefore, if the Cholesky decomposition is desired, one only needs to stop there.</p>
</div>
<div id="the-inverse-wishart-distribution" class="section level2">
<h2>The Inverse Wishart distribution</h2>
<p>If <span class="math inline">\(X \sim \textrm{W}(\nu,\Sigma)\)</span>. Then we define the Inverse Wishart as <span class="math inline">\(X^{-1} = Y \sim \textrm{IW}(\nu , \Sigma^{-1})\)</span>. There are other parameterizations of this, mostly coming down to different ways of writing the <span class="math inline">\(\nu\)</span> parameter - be aware of this when using any package drawing from the Inverse Wishart distribution. This comes up directly in Bayesian statistics. We are also interested in the Cholesky decomposition of this, as it is directly relevant to the generation of the matrix variate <span class="math inline">\(t\)</span>-distribution. In this package it is done by taking the covariance matrix, inverting it, computing the Cholesky decomposition of the inverted covariance matrix, drawing the Cholesky factor of a Wishart matrix using that, and then inverting based on that (as finding <span class="math inline">\(\Psi^{-1}\)</span> given the Cholesky factorization of <span class="math inline">\(\Psi\)</span> is relatively fast). This can then be converted into the Cholesky factor of the Inverse Wishart if that is what is desired. This would be slow to do in R, but in C it is not so bad.</p>
<p>So here is what happens with the results of the above:</p>
<div class="sourceCode"><pre class="sourceCode r"><code class="sourceCode r">A <span class="op">%*%</span><span class="st"> </span>B 
##               [,1]          [,2]          [,3]          [,4]
## [1,]  1.000000e+00 -2.775558e-17 -1.387779e-16 -5.551115e-17
## [2,] -4.718448e-16  1.000000e+00  1.387779e-17  0.000000e+00
## [3,] -1.249001e-16  1.387779e-17  1.000000e+00 -5.551115e-17
## [4,]  1.110223e-16 -1.110223e-16  0.000000e+00  1.000000e+00
<span class="kw">crossprod</span>(C) <span class="op">%*%</span><span class="st"> </span><span class="kw">crossprod</span>(D) <span class="co"># note: we do not expect C = D^-1, we expect this! </span>
##               [,1]          [,2]          [,3]          [,4]
## [1,]  1.000000e+00 -2.775558e-17 -2.081668e-16 -1.110223e-16
## [2,] -4.718448e-16  1.000000e+00  1.387779e-16  0.000000e+00
## [3,] -1.249001e-16  1.110223e-16  1.000000e+00 -1.110223e-16
## [4,]  1.110223e-16 -8.326673e-17 -8.326673e-17  1.000000e+00
<span class="kw">crossprod</span>(D) <span class="op">%*%</span><span class="st"> </span>A
##               [,1]          [,2]          [,3]          [,4]
## [1,]  1.000000e+00 -4.718448e-16 -1.249001e-16  1.110223e-16
## [2,] -2.775558e-17  1.000000e+00  1.110223e-16 -8.326673e-17
## [3,] -2.081668e-16  1.387779e-16  1.000000e+00 -8.326673e-17
## [4,] -1.110223e-16  0.000000e+00 -1.110223e-16  1.000000e+00
<span class="kw">crossprod</span>(C) <span class="op">%*%</span><span class="st"> </span>B
##               [,1]          [,2]          [,3]          [,4]
## [1,]  1.000000e+00 -2.775558e-17 -1.387779e-16 -5.551115e-17
## [2,] -4.718448e-16  1.000000e+00  1.387779e-17  0.000000e+00
## [3,] -1.249001e-16  1.387779e-17  1.000000e+00 -5.551115e-17
## [4,]  1.110223e-16 -1.110223e-16  0.000000e+00  1.000000e+00</code></pre></div>
<p>There is some roundoff error.</p>
</div>



<!-- dynamically load mathjax for compatibility with self-contained -->
<script>
  (function () {
    var script = document.createElement("script");
    script.type = "text/javascript";
    script.src  = "https://mathjax.rstudio.com/latest/MathJax.js?config=TeX-AMS-MML_HTMLorMML";
    document.getElementsByTagName("head")[0].appendChild(script);
  })();
</script>

</body>
</html>
